1
       ___________________________________
       /          Òø         Ä»           \
      /                                    \
     /    1  2  3  4  5    30 31 32 33 34   \
    /     6  7  8  9 10    36 37 38 39 40    \
   /  11 12 13 14 15 16    41 42 43 44 45 46  \
  /   17 18 19 20 21 22    47 48 49 50 51 52   \
 / 23 24 25 26 27 28 29    53 54 55 56 57 58 59 \
|________________________________________________|

2
______________________________________
|            Òø        Ä»            |
|                                    |
|   1  2  3  4  5    31 32 33 34 35  |
|   6  7  8  9 10    36 37 38 39 40  |
|  11 12 13 14 15    41 42 43 44 45  |
|                                    |
|  16 17 18 19 20    46 47 48 49 50  |
|  21 22 23 24 25    51 52 53 54 55  |
|  26 27 28 29 30    56 57 58 59 60  |
|____________________________________|

3
______________________________________
|            Òø        Ä»             |
|                                    |
|   1  2  3  4  5    31 32 33 34 35  |
|   6  7  8  9 10    36 37 38 39 40  |
|           11 12 13 14 15           |
|                                    |
|  16 17 18 19 20    46 47 48 49 50  |
|  21 22 23 24 25    51 52 53 54 55  |
|           26 27 28 29 30           |
|                                    |
|    56 57 58 59 60 61 62 63 64 65   |
|    66 67 68 69 70 71 72 73 74 75   |
|    76 77 78 79 80 81 82 83 84 85   |
|____________________________________|
